0.08356545961
0.08356545961
0.08356545961
0.08356545961
0.08356545961
0.08356545961
0.08356545961
0.08356545961
0.08356545961
0.08356545961
0.08356545961
0.08356545961
0.08356545961
0.08356545961
0.08356545961
0.08356545961
0.08356545961
0.08356545961
0.08356545961
0.08356545961
0.08356545961
0.08356545961
0.08356545961
0.08356545961
0.08356545961
0.08356545961
0.08356545961
0.08356545961
0.08356545961
0.08356545961
0.08356545961
0.08356545961
0.08356545961
0.08356545961
0.08356545961
0.08356545961
0.08356545961
0.08356545961
0.08356545961
0.08356545961
0.0837988826816
0.0837988826816
0.0837988826816
0.0837988826816
0.0837988826816
0.0837988826816
0.0837988826816
0.0837988826816
0.0837988826816
0.0837988826816
0.0837988826816
0.0837988826816
0.0837988826816
0.0837988826816
0.0837988826816
0.0837988826816
0.0837988826816
0.0837988826816
0.0837988826816
0.0837988826816
0.0837988826816
0.0837988826816
0.0837988826816
0.0837988826816
0.0837988826816
0.0837988826816
0.0837988826816
0.0837988826816
0.0837988826816
0.0837988826816
0.0837988826816
0.0837988826816
0.0837988826816
0.0837988826816
0.0837988826816
0.0837988826816
0.0837988826816
0.0837988826816
0.0837988826816
0.0837988826816
0.0837988826816
0.0837988826816
0.0837988826816
0.0837988826816
0.0837988826816
0.0837988826816
0.0837988826816
0.0837988826816
0.0837988826816
0.0837988826816
0.0837988826816
0.0840336134454
0.0840336134454
0.0840336134454
0.0840336134454
0.0840336134454
0.0840336134454
0.0840336134454
0.0840336134454
0.0840336134454
0.0840336134454
0.0840336134454
0.0840336134454
0.0840336134454
0.0840336134454
0.0840336134454
0.0840336134454
0.0840336134454
0.0840336134454
0.0840336134454
0.0840336134454
0.0840336134454
0.0840336134454
0.0840336134454
0.0840336134454
0.0840336134454
0.0840336134454
0.0840336134454
0.0840336134454
0.0840336134454
0.0840336134454
0.0840336134454
0.0840336134454
0.0840336134454
0.0840336134454
0.0840336134454
0.0840336134454
0.0840336134454
0.0840336134454
0.0840336134454
0.0840336134454
0.0840336134454
0.0840336134454
0.0840336134454
0.0840336134454
0.0840336134454
0.0840336134454
0.0840336134454
0.0840336134454
0.0840336134454
0.0840336134454
0.0840336134454
0.0840336134454
0.0840336134454
0.0840336134454
0.0840336134454
0.0842696629213
0.0842696629213
0.0842696629213
0.0842696629213
0.0842696629213
0.0842696629213
0.0842696629213
0.0842696629213
0.0842696629213
0.0842696629213
0.0842696629213
0.0842696629213
0.0842696629213
0.0842696629213
0.0842696629213
0.0842696629213
0.0842696629213
0.0842696629213
0.0845070422535
0.0845070422535
0.0845070422535
0.0845070422535
0.0845070422535
0.0845070422535
0.0845070422535
0.0845070422535
0.0845070422535
0.0845070422535
0.0847457627119
0.0849858356941
0.0849858356941
0.0852272727273
0.115384615385
0.11673151751
0.118577075099
0.140845070423
0.165745856354
0.167597765363
2.0
2.0
2.0
2.14285714286
2.14285714286
2.14285714286
2.14285714286
2.14285714286
2.14285714286
2.14285714286
2.14285714286
2.14285714286
2.14285714286
2.14285714286
2.14285714286
2.14285714286
2.14285714286
2.14285714286
2.14285714286
2.14285714286
2.14285714286
2.14285714286
2.14285714286
2.14285714286
2.14285714286
2.14285714286
2.14285714286
2.14285714286
2.14285714286
2.14285714286
2.14285714286
2.14285714286
2.14285714286
2.14285714286
2.14285714286
2.14285714286
2.14285714286
2.14285714286
2.14285714286
2.14285714286
2.14285714286
2.14285714286
2.14285714286
2.14285714286
2.14285714286
2.14285714286
2.14285714286
2.14285714286
2.14285714286
2.14285714286
2.14285714286
2.14285714286
2.14285714286
2.14285714286
2.14285714286
2.14285714286
2.14285714286
2.14285714286
2.14285714286
2.14285714286
2.14285714286
2.14285714286
2.14285714286
2.14285714286
2.14285714286
2.14285714286
2.14285714286
2.14285714286
2.14285714286
2.14285714286
2.14285714286
2.14285714286
2.14285714286
2.14285714286
2.14285714286
2.14285714286
2.14285714286
2.14285714286
2.14285714286
2.14285714286
2.14285714286
2.14285714286
2.14285714286
2.14285714286
2.14285714286
2.14285714286
2.14285714286
2.14285714286
2.14285714286
2.14285714286
2.14285714286
2.14285714286
2.14285714286
2.14285714286
2.14285714286
2.14285714286
2.14285714286
2.14285714286
2.14285714286
2.14285714286
2.14285714286
2.14285714286
2.14285714286
2.14285714286
2.14285714286
2.14285714286
2.14285714286
2.14285714286
2.14285714286
2.14285714286
2.14285714286
2.14285714286
2.14285714286
2.14285714286
2.14285714286
2.14285714286
2.14285714286
2.14285714286
2.14285714286
2.14285714286
2.14285714286
2.14285714286
2.14285714286
2.14285714286
2.14285714286
2.14285714286
2.14285714286
2.14285714286
2.14285714286
2.14285714286
2.14285714286
2.14285714286
2.14285714286
2.14285714286
2.14285714286
2.14285714286
2.14285714286
2.14285714286
2.14285714286
2.14285714286
2.14285714286
2.14285714286
2.14285714286
2.14285714286
2.14285714286
2.14285714286
2.14285714286
2.14285714286
2.14285714286
2.14285714286
2.14285714286
2.14285714286
2.14285714286
2.14285714286
2.14285714286
2.14285714286
2.14285714286
2.14285714286
2.14285714286
2.14285714286
2.14285714286
2.14285714286
2.14285714286
2.14285714286
2.14285714286
2.14285714286
2.14285714286
2.14285714286
2.14285714286
2.14285714286
2.14285714286
2.14285714286
2.14285714286
2.14285714286
2.14285714286
2.14285714286
2.14285714286
2.14285714286
2.14285714286
2.14285714286
2.14285714286
2.14285714286
2.14285714286
2.14285714286
2.14285714286
2.14285714286
2.14285714286
2.14285714286
2.14285714286
2.14285714286
2.14285714286
2.14285714286
2.14285714286
2.14285714286
2.14285714286
2.14285714286
2.14285714286
2.14285714286
2.14285714286
2.14285714286
2.14285714286
2.14285714286
2.14285714286
2.14285714286
2.14285714286
2.14285714286
2.14285714286
2.14285714286
2.14285714286
2.14285714286
2.14285714286
2.14285714286
2.14285714286
2.14285714286
2.14285714286
2.14285714286
2.14285714286
2.14285714286
2.14285714286
2.14285714286
2.14285714286
2.14285714286
2.14285714286
2.14285714286
2.14285714286
2.14285714286
2.14285714286
2.14285714286
2.14285714286
2.14285714286
2.14285714286
2.14285714286
2.14285714286
2.14285714286
2.14285714286
2.14285714286
2.14285714286
2.14285714286
2.14285714286
2.14285714286
2.14285714286
2.14285714286
2.14285714286
2.14285714286
2.14285714286
2.14285714286
2.14285714286
2.14285714286
2.14285714286
2.14285714286
2.14285714286
2.14285714286
2.14285714286
2.14285714286
2.14285714286
2.14285714286
2.14285714286
2.14285714286
2.14285714286
2.14285714286
2.14285714286
2.14285714286
2.14285714286
2.14285714286
2.14285714286
2.14285714286
2.14285714286
2.14285714286
2.30769230769
2.30769230769
2.30769230769
2.30769230769
2.30769230769
2.30769230769
2.30769230769
2.30769230769
2.30769230769
2.5
3.75
4.28571428571
5.0
5.0
5.0
5.0
5.0
5.0
6.0
6.0
6.0
6.0
7.5
7.5
7.5
7.5
7.5
7.5
7.5
10.0
10.0
10.0
10.0
10.0
15.0
15.0
15.0
15.0
15.0
15.0
15.0
15.0
15.0
15.0
15.0
60
60
60
